2.423955 2.423955 8.675209
7.980470 -20.469112 -4.306080
-10.961519 -59.223194 -23.732964
-57.706833 -169.504211 -9.243048
-75.574707 -72.945129 9.080754
-11.456202 72.323280 99.865768
147.701172 355.520325 161.511200
341.230347 621.897217 79.901237
380.105835 510.529724 -146.437210
111.918533 -86.521706 -582.337280
-626.638062 -1246.948486 -828.544617
-1398.384033 -2338.931396 -521.142090
-1632.539917 -2252.426270 698.811768
-580.622498 164.073517 2385.438721
2024.730347 5848.373535 3445.636963
5469.521973 14885.913086 2361.475830
8294.701172 26015.365234 -1995.284912
8967.833984 36673.085938 -9191.520508
6391.015137 43657.609375 -16612.968750
938.040100 44500.566406 -20182.533203
-5794.118652 38636.386719 -16167.166016
-11929.673828 27784.320312 -3806.425537
-16133.434570 15204.941406 12901.332031
-19200.322266 3764.283447 26001.480469
-23551.750000 -5313.911621 26381.597656
-31669.515625 -12774.223633 8157.131836
-44457.566406 -20366.242188 -27946.140625
-59438.703125 -29054.501953 -73898.062500
-71585.500000 -37659.769531 -117326.343750
-74362.054688 -43373.960938 -147072.843750
-62691.031250 -42978.968750 -157562.328125
-36508.460938 -34337.726562 -149929.859375
-1361.987183 -18023.042969 -130333.546875
33507.488281 1860.714844 -106516.460938
60012.074219 19237.224609 -84791.085938
74009.257812 27207.044922 -69258.726562
77837.656250 20907.179688 -62536.234375
78847.687500 175.768311 -66751.648438
83686.960938 -29305.808594 -82751.828125
95247.281250 -56273.605469 -108277.250000
109599.492188 -68328.992188 -136143.703125
118844.601562 -57054.394531 -155440.671875
114906.062500 -21528.160156 -153971.765625
93847.601562 31379.818359 -123698.445312
57233.507812 90637.609375 -64284.371094
10122.682617 145683.203125 16054.580078
-41894.445312 189581.093750 102877.718750
-93469.757812 218809.687500 179528.250000
-140129.359375 231560.765625 232250.125000
-177617.890625 226220.140625 253673.046875
-202112.531250 202308.515625 244229.203125
-211942.125000 162154.953125 210720.234375
-207688.453125 112431.359375 162455.390625
-191615.281250 62790.281250 107459.289062
-166230.625000 21693.037109 49437.027344
-132339.187500 -7347.052734 -12287.380859
-89223.335938 -27004.859375 -80283.476562
-36931.761719 -43894.648438 -155145.578125
21554.156250 -63612.296875 -231910.718750
79097.015625 -86313.601562 -299873.343750
127331.859375 -106550.703125 -346428.843750
160329.359375 -115426.468750 -361544.593750
177711.625000 -104779.882812 -341568.781250
182203.906250 -70505.953125 -290431.500000
176775.500000 -14065.206055 -216954.750000
159778.703125 57939.867188 -131328.296875
125521.476562 135358.031250 -42508.660156
69150.789062 206500.921875 42624.746094
-8618.093750 260127.125000 117816.343750
-97768.281250 287774.843750 176295.968750
-182042.953125 285918.718750 211349.671875
-244692.453125 256941.984375 217733.312500
-275169.500000 208705.828125 194514.156250
-272051.000000 152260.171875 146323.140625
-241866.203125 98242.367188 82600.515625
-195123.203125 54062.570312 15368.869141
-143079.250000 22749.697266 -43280.582031
-96041.843750 3179.694336 -83451.375000
-62586.367188 -7724.465332 -99469.898438
-48307.546875 -13337.164062 -91893.742188
-53044.906250 -15706.751953 -68362.468750
-69744.445312 -15355.422852 -42215.261719
-85512.140625 -11871.259766 -29406.257812
-86632.953125 -4583.113281 -42264.367188
-64918.843750 6374.795898 -83797.671875
-21713.468750 19416.234375 -145818.296875
33700.906250 31565.814453 -211665.390625
87537.632812 39943.460938 -263436.375000
126953.570312 42188.550781 -288623.156250
143740.500000 37837.843750 -283995.968750
135378.609375 28154.021484 -254784.828125
103432.484375 15422.963867 -210210.421875
52904.960938 1964.379272 -158940.921875
-8461.678711 -10710.331055 -107016.398438
-70394.343750 -21870.945312 -58314.250000
-122203.187500 -31276.503906 -15799.385742
-154681.406250 -38517.386719 17565.470703
-163090.609375 -42899.265625 39400.988281
-148687.234375 -43705.621094 49160.988281
-117753.718750 -40738.015625 48591.890625
-79437.710938 -34612.152344 41352.714844
-42649.718750 -26785.599609 31619.458984
-13911.980469 -19158.189453 22589.925781
3988.573730 -13120.326172 15988.213867
11755.646484 -9329.096680 11998.044922
12166.298828 -7559.009277 10064.495117
8828.285156 -6944.793457 9242.990234
4865.321289 -6651.755859 8514.837891
2134.612305 -6269.847168 7263.690918
841.024475 -5863.517090 5405.391602
475.416901 -5699.888184 2979.458008
52.460625 -6054.402344 539.494507
-890.415710 -6842.208008 -1314.560913
-2187.833252 -7689.866699 -2254.806396
-3266.372803 -8178.195801 -2142.269287
-3469.196533 -7958.149902 -1261.066040
-2709.459717 -7167.893555 92.784470
-1307.312622 -6016.835449 1249.098267
155.018890 -4911.088379 1711.056274
1207.933105 -4180.414062 1216.751709
1875.222290 -3885.172119 -190.649109
2581.599365 -3874.237793 -2130.854980
3831.830566 -3816.726074 -4026.517334
5811.605469 -3349.262207 -5365.910645
8135.270508 -2295.343262 -5768.190430
10171.673828 -795.685059 -5112.489746
11412.841797 660.269653 -3472.050537
12039.000000 1389.447754 -1053.899292
12860.746094 820.011230 1815.073120
14611.406250 -1153.768311 4600.297363
17160.843750 -3850.332031 6672.044434
19361.535156 -6317.263672 7647.581543
19693.933594 -7514.957031 7571.468262
17709.449219 -7065.325195 6876.624023
15168.258789 -5588.641113 6228.298340
16050.213867 -4284.367676 6163.687500
24938.328125 -4130.516602 6661.229004
44413.117188 -4850.551758 7374.826172
73344.421875 -4627.025391 7970.087402
106951.171875 -1197.987793 8610.965820
139132.562500 6796.855469 10031.339844
164576.359375 18611.017578 12832.195312
180466.015625 31472.378906 17082.324219
186860.687500 42731.402344 22238.378906
186295.718750 51642.367188 27643.685547
183471.687500 60308.968750 33533.519531
183939.937500 72248.968750 41041.812500
192502.140625 89500.539062 51546.066406
210584.015625 110064.085938 65299.917969
234147.062500 127758.109375 80209.742188
253741.375000 134796.265625 92000.343750
257792.375000 125968.406250 96004.125000
237858.750000 101609.242188 89474.585938
193465.562500 67826.742188 73231.515625
133262.890625 33618.179688 51529.304688
71652.875000 6925.665039 30131.480469
22408.099609 -8363.230469 13766.008789
-6970.748047 -12996.229492 4400.821777
-17118.103516 -10776.549805 1087.876587
-14606.956055 -6264.078125 1201.602295
-7685.358398 -2526.126709 2078.762207
-2421.733154 -774.424866 2117.542969
-1110.752319 -752.259094 1170.638428
-2819.833740 -1578.247192 -26.281633
-5286.974121 -2559.376709 -762.705811
-6729.666992 -3308.084717 -702.799011
-6528.144531 -3712.052734 -92.157318
-5115.378418 -3890.100098 660.863220
-3100.329590 -3851.267334 1233.842896
-1170.126953 -3715.408203 1385.014282
335.054321 -3634.570068 1168.911743
1275.382080 -3528.207520 726.932129
1594.910156 -3505.715576 226.240311
1393.313843 -3505.569824 -91.114090
793.499451 -3471.582764 -138.297852
236.871994 -3393.511230 132.490051
-251.106934 -3260.888428 499.565430
-1024.961670 -3229.410156 506.544037
-2469.252686 -3337.282715 12.203842
-4349.577637 -3554.392578 -784.687134
-5252.660645 -3746.889404 -1214.464233
-2946.791748 -3540.991699 -177.317612
4322.079102 -2700.725830 2711.607178
14390.662109 -1415.132690 6049.751465
20015.781250 -568.937256 6717.550293
10899.053711 -1542.467285 791.395630
-21309.896484 -5878.541016 -13892.154297
-76828.390625 -14370.332031 -36029.914062
-145141.125000 -26423.902344 -60552.050781
-208664.765625 -39979.589844 -80557.210938
-250552.859375 -51857.246094 -91399.984375
-262853.937500 -59091.621094 -93572.976562
-249493.500000 -60283.519531 -93009.296875
-222591.000000 -56349.355469 -97783.367188
-194851.109375 -50245.578125 -112987.070312
-172888.625000 -45613.800781 -137120.046875
-155519.734375 -45031.257812 -162095.468750
-137433.171875 -48915.289062 -177236.156250
-114654.164062 -55536.082031 -174834.234375
-87845.742188 -62044.765625 -154040.531250
-61612.765625 -65891.734375 -120776.898438
-40988.441406 -65777.265625 -84313.242188
-28132.244141 -61769.855469 -52798.328125
-21690.162109 -54746.039062 -30218.517578
-18522.757812 -45687.835938 -16117.544922
-15676.987305 -35503.937500 -7533.919922
-11834.769531 -24994.925781 -1429.399048
-7379.746094 -15342.764648 3358.302490
-3407.426758 -7827.944824 6611.811035
-704.922485 -3399.477051 7744.059082
759.887085 -2297.273438 6453.911621
1059.503174 -3879.244385 3386.507812
612.085388 -6864.887695 58.201103
-351.017090 -9967.540039 -1861.670166
-1729.157471 -12340.671875 -1036.678345
-3158.408691 -13598.389648 2579.062988
-4245.512695 -13885.388672 7787.962402
-4861.068848 -13655.607422 12566.250000
-5246.053223 -13388.256836 14582.939453
-6201.020020 -13650.907227 12889.374023
-8638.418945 -14918.622070 8501.974609
-12982.557617 -17151.453125 3773.119385
-18742.726562 -19564.621094 1024.320312
-24629.806641 -20996.572266 1252.775269
-29113.201172 -20335.626953 3446.285156
-31355.814453 -17471.628906 5722.278809
-31532.527344 -14002.152344 7563.884766
-30537.439453 -13055.225586 11162.088867
-29235.453125 -17844.136719 20486.740234
-27667.746094 -29674.960938 38264.019531
-25210.035156 -46182.902344 62464.648438
-21236.609375 -61468.808594 85333.882812
-16151.672852 -68570.234375 96732.218750
-11266.788086 -62606.164062 88730.976562
-8643.151367 -43405.121094 60625.589844
-9565.218750 -16143.188477 19859.560547
-13753.914062 10759.684570 -20858.662109
-19267.998047 28787.597656 -48531.742188
-23074.572266 32150.238281 -54422.457031
-22037.429688 18735.962891 -36110.750000
-13931.414062 -9598.799805 4195.678711
1871.838501 -48748.503906 61722.343750
24010.531250 -93117.140625 131222.343750
48611.996094 -136024.046875 207717.953125
69913.460938 -170233.609375 285834.312500
81750.867188 -189209.765625 358862.875000
79560.437500 -189313.140625 417202.875000
62586.312500 -171481.203125 449573.656250
34577.308594 -140900.203125 446061.968750
3567.726318 -104880.718750 402748.125000
-21332.474609 -70269.875000 325640.812500
-32850.089844 -41104.656250 232242.343750
-28476.039062 -18431.443359 145702.656250
-11481.502930 -2251.935303 84626.148438
9512.637695 6775.968262 52689.441406
23841.072266 7465.010254 34507.691406
23062.972656 -16.858063 2865.241455
5255.685059 -12139.857422 -67235.851562
-23352.791016 -21942.636719 -184048.875000
-50924.707031 -21939.130859 -332444.125000
-65320.742188 -8852.381836 -479579.062500
-59737.496094 14484.264648 -590408.125000
-36157.199219 39875.035156 -641760.062500
-2934.978027 57974.812500 -631130.500000
29606.392578 63845.343750 -574424.187500
53990.441406 59068.949219 -495431.125000
66769.320312 50056.445312 -413777.531250
66782.492188 43745.812500 -336374.437500
52780.742188 43548.675781 -256856.218750
23097.888672 46941.703125 -162944.546875
-21503.498047 47938.730469 -45199.816406
-74562.742188 40623.496094 95276.382812
-123430.875000 22784.132812 245707.500000
-153977.375000 -2642.890625 385949.062500
-157840.359375 -28664.585938 495996.187500
-137093.500000 -47002.417969 563470.062500
-103362.757812 -51600.667969 586161.062500
-71320.523438 -41577.207031 569648.687500
-51599.218750 -21642.441406 522444.937500
-45679.546875 102.096008 453053.843750
-47309.703125 15499.420898 368436.750000
-47553.464844 19938.111328 275779.625000
-40881.996094 13997.219727 183929.125000
-27496.851562 2518.980957 102619.320312
-12331.668945 -8222.684570 40228.492188
-1011.102783 -13651.230469 448.095428
3508.984131 -12702.224609 -18155.185547
1933.824097 -7530.785156 -21119.849609
-2245.951660 -1838.369873 -15681.362305
-5368.602051 1734.958740 -8186.424805
-5484.368652 2216.928955 -2251.459961
-2645.388916 363.977020 858.714417
1543.478271 -2110.750732 1590.361816
5111.949219 -3942.598145 1077.810547
6642.016602 -4695.980469 268.080994
6032.529297 -4532.384766 -226.194077
4128.751953 -3894.481445 -346.367004
2033.813477 -3182.975342 -165.124496
678.275269 -2491.185303 341.905090
405.105072 -1922.017700 941.343323
1066.905273 -1497.585815 1539.811523
2143.690918 -1318.169922 1965.179688
3048.292725 -1417.540283 2086.585693
3436.885986 -1760.652832 1800.143066
3239.740234 -2207.129883 1205.996094
2645.942871 -2622.841064 497.562347
1930.712646 -2945.642822 -190.740891
1365.999634 -3188.151367 -736.205750
1089.338379 -3393.405273 -1081.634644
1088.157227 -3548.287354 -1246.994873
1312.361816 -3575.607178 -1211.027222
1666.757935 -3387.980469 -974.528687
2032.577637 -2946.456543 -574.093628
2316.183594 -2362.178223 -140.856262
2432.688965 -1819.925049 191.678391
2293.020996 -1488.433838 315.296722
1921.453125 -1427.283081 236.128708
1419.675659 -1574.696899 63.581879
944.386292 -1809.929932 -89.381851
652.093201 -2019.881714 -171.964706