-1330.000000 -1330.000000 -4760.000000
-3220.000000 12390.000000 6510.000000
8820.000000 21700.000000 7350.000000
21280.000000 71400.000000 -10990.000000
10500.000000 -2940.000000 -3290.000000
-5460.000000 55580.000000 -30450.000000
-9100.000000 55510.000000 -21350.000000
-9730.000000 35070.000000 -770.000000
-9380.000000 29890.000000 -19740.000000
-46270.000000 -48370.000000 38080.000000
-10920.000000 -11340.000000 30800.000000
-37660.000000 12880.000000 41860.000000
-17080.000000 -10570.000000 -36190.000000
-44940.000000 -18340.000000 -69790.000000
-100240.000000 -41090.000000 -117390.000000
-87570.000000 -59500.000000 -171920.000000
-38010.000000 -49140.000000 -181020.000000
-51030.000000 -30870.000000 -144060.000000
-9100.000000 -4410.000000 -105560.000000
16380.000000 -1820.000000 -68950.000000
62720.000000 1680.000000 -91350.000000
158130.000000 28770.000000 -125860.000000
70070.000000 16870.000000 -68740.000000
16380.000000 26180.000000 -37310.000000
59570.000000 -2450.000000 -56910.000000
106680.000000 -71330.000000 -127260.000000
164430.000000 -94710.000000 -141330.000000
54740.000000 -50400.000000 -115640.000000
109480.000000 -48230.000000 -165900.000000
185640.000000 7490.000000 -181510.000000
54320.000000 148890.000000 -59920.000000
-66570.000000 193690.000000 50330.000000
-99540.000000 167440.000000 102970.000000
10010.000000 157010.000000 178710.000000
-137130.000000 210560.000000 209650.000000
-184170.000000 254380.000000 275380.000000
-180740.000000 249060.000000 269850.000000
-314440.000000 161280.000000 190890.000000
-179340.000000 97930.000000 151620.000000
-147350.000000 47040.000000 92540.000000
-116200.000000 3570.000000 17220.000000
-158130.000000 -10710.000000 21210.000000
-137060.000000 -21140.000000 -64120.000000
-43120.000000 -28910.000000 -157780.000000
39410.000000 -54810.000000 -228130.000000
70630.000000 -62230.000000 -270130.000000
153790.000000 -119000.000000 -369250.000000
170870.000000 -127610.000000 -396550.000000
166390.000000 -128590.000000 -347200.000000
179200.000000 -50820.000000 -259140.000000
162960.000000 -6720.000000 -197680.000000
125300.000000 49840.000000 -139790.000000
119630.000000 151620.000000 -39620.000000
84350.000000 184870.000000 39060.000000
55020.000000 236110.000000 101850.000000
-23240.000000 313880.000000 165340.000000
-306810.000000 324240.000000 211750.000000
-298550.000000 233520.000000 237370.000000
-239610.000000 199990.000000 214480.000000
-222040.000000 138880.000000 122150.000000
-249620.000000 102970.000000 75600.000000
-180740.000000 52080.000000 22680.000000
-159110.000000 21910.000000 -47810.000000
-118020.000000 8680.000000 -84420.000000
-98490.000000 -9240.000000 -77070.000000
13300.000000 -4480.000000 -107660.000000
-28350.000000 -17220.000000 -95410.000000
-66080.000000 -16870.000000 -53620.000000
-90370.000000 -8260.000000 -22470.000000
-133770.000000 -1470.000000 -3360.000000
-92960.000000 -7840.000000 -51800.000000
-15960.000000 13440.000000 -149170.000000
85470.000000 50610.000000 -239820.000000
101290.000000 26320.000000 -295820.000000
95690.000000 50400.000000 -289940.000000
139580.000000 49980.000000 -290850.000000
134750.000000 16240.000000 -227290.000000
102830.000000 8260.000000 -169540.000000
51520.000000 2100.000000 -170240.000000
25480.000000 -5040.000000 -150990.000000
-94990.000000 -26880.000000 -42070.000000
-120680.000000 -22680.000000 -17360.000000
-163660.000000 -37100.000000 18690.000000
-171500.000000 -48650.000000 55720.000000
-138880.000000 -41650.000000 44730.000000
-120890.000000 -51240.000000 49630.000000
-63700.000000 -16450.000000 9660.000000
-45850.000000 -39760.000000 53270.000000
-20790.000000 -19460.000000 30660.000000
13930.000000 -4480.000000 7070.000000
12670.000000 -11620.000000 7770.000000
8260.000000 -4620.000000 11060.000000
1820.000000 -11130.000000 8820.000000
3010.000000 -10080.000000 16100.000000
3500.000000 -7210.000000 7280.000000
1680.000000 -3010.000000 630.000000
2800.000000 -3570.000000 3360.000000
-350.000000 -3920.000000 2030.000000
1890.000000 -8330.000000 -6230.000000
-2590.000000 -12040.000000 2590.000000
-4480.000000 -8260.000000 2870.000000
-5950.000000 -3010.000000 -11340.000000
-3500.000000 -9310.000000 1470.000000
-280.000000 -6720.000000 4200.000000
1260.000000 -5670.000000 630.000000
2450.000000 -3500.000000 4970.000000
4270.000000 -1680.000000 -1680.000000
-70.000000 -5530.000000 -3850.000000
3500.000000 -1750.000000 -4270.000000
2380.000000 -4970.000000 -6860.000000
7140.000000 -4970.000000 -2380.000000
16030.000000 1050.000000 -3990.000000
10360.000000 -630.000000 -7000.000000
15610.000000 3150.000000 -1050.000000
13230.000000 840.000000 3570.000000
9170.000000 -910.000000 4200.000000
12530.000000 -1190.000000 5040.000000
15190.000000 -7140.000000 9170.000000
26110.000000 -9520.000000 8260.000000
26740.000000 -10780.000000 8820.000000
21280.000000 -4830.000000 7000.000000
16590.000000 -5460.000000 420.000000
23310.000000 420.000000 3640.000000
28420.000000 -910.000000 12180.000000
63140.000000 1050.000000 8260.000000
98910.000000 -2310.000000 12250.000000
161000.000000 -3710.000000 14140.000000
201110.000000 700.000000 8610.000000
172410.000000 28840.000000 6860.000000
140770.000000 81060.000000 14420.000000
170240.000000 56770.000000 38850.000000
220290.000000 59500.000000 61740.000000
232890.000000 57190.000000 34510.000000
177730.000000 65660.000000 25200.000000
148890.000000 107170.000000 60760.000000
204890.000000 131320.000000 78190.000000
274400.000000 149100.000000 107800.000000
305060.000000 153300.000000 97370.000000
241360.000000 91350.000000 85610.000000
205520.000000 62160.000000 89740.000000
121730.000000 29750.000000 45150.000000
51520.000000 -24570.000000 19320.000000
8680.000000 9660.000000 6370.000000
-22680.000000 -5670.000000 -4270.000000
7910.000000 -5670.000000 22400.000000
-7980.000000 -7280.000000 2800.000000
-1610.000000 -4340.000000 -3080.000000
560.000000 -980.000000 4900.000000
-3780.000000 2240.000000 1610.000000
-10150.000000 -5460.000000 -4760.000000
-3920.000000 -3850.000000 -770.000000
-8610.000000 -3290.000000 -490.000000
-9240.000000 630.000000 3220.000000
1400.000000 -6930.000000 -700.000000
-2450.000000 -5110.000000 490.000000
-3500.000000 -1680.000000 1120.000000
-210.000000 -2940.000000 2030.000000
490.000000 -4340.000000 1680.000000
3360.000000 -3920.000000 -840.000000
2310.000000 -2870.000000 -420.000000
-280.000000 -3710.000000 700.000000
-560.000000 -4690.000000 -1960.000000
-910.000000 -1610.000000 630.000000
-2590.000000 -3220.000000 1890.000000
-1470.000000 -4410.000000 420.000000
-280.000000 -3430.000000 -70.000000
-1610.000000 -2660.000000 560.000000
1890.000000 -1890.000000 490.000000
770.000000 -3220.000000 -350.000000
-420.000000 -4060.000000 -140.000000
-1120.000000 -4200.000000 -210.000000
-70.000000 -3990.000000 -1120.000000
-7700.000000 -1610.000000 -1890.000000
-18760.000000 -6300.000000 -10430.000000
-87150.000000 -27440.000000 -52290.000000
-258090.000000 -39270.000000 -110320.000000
-346920.000000 -65450.000000 -127400.000000
-293370.000000 -43890.000000 -75950.000000
-194880.000000 -61040.000000 -87920.000000
-157570.000000 -76720.000000 -106400.000000
-195160.000000 -49070.000000 -77980.000000
-157290.000000 -32970.000000 -107100.000000
-204190.000000 -34440.000000 -183400.000000
-172550.000000 -48440.000000 -202650.000000
-89880.000000 -55580.000000 -212870.000000
-77490.000000 -82950.000000 -131390.000000
-56490.000000 -66430.000000 -100940.000000
-28000.000000 -51730.000000 -83440.000000
-42700.000000 -63630.000000 -33740.000000
-21980.000000 -48650.000000 -42560.000000
-24220.000000 -50820.000000 -24360.000000
-17640.000000 -41160.000000 -13510.000000
-5600.000000 -23240.000000 -2940.000000
-8260.000000 -13790.000000 11830.000000
-5950.000000 -8050.000000 3780.000000
4480.000000 210.000000 6510.000000
-70.000000 -1890.000000 10150.000000
-3570.000000 -7210.000000 6370.000000
2240.000000 -7000.000000 -7770.000000
70.000000 -10010.000000 -140.000000
-2380.000000 -14140.000000 5530.000000
-1610.000000 -14280.000000 -2030.000000
-1050.000000 -10500.000000 1190.000000
-7910.000000 -11060.000000 8330.000000
-12950.000000 -18060.000000 17360.000000
-4970.000000 -17570.000000 35420.000000
-3010.000000 -11900.000000 5250.000000
-8960.000000 -11060.000000 -8260.000000
-18340.000000 -17920.000000 -4900.000000
-27650.000000 -21140.000000 -3640.000000
-32620.000000 -29050.000000 6230.000000
-30730.000000 -18970.000000 10150.000000
-38850.000000 -17570.000000 22330.000000
-24430.000000 -8960.000000 19670.000000
-20720.000000 -17430.000000 18830.000000
-25760.000000 -28840.000000 22120.000000
-26460.000000 -35840.000000 43470.000000
-32060.000000 -43470.000000 51800.000000
-19810.000000 -69510.000000 114800.000000
-14280.000000 -107660.000000 162400.000000
910.000000 -62370.000000 76720.000000
4970.000000 17990.000000 -30450.000000
-20160.000000 28630.000000 -45150.000000
-25060.000000 30660.000000 -56910.000000
-28630.000000 20020.000000 -39340.000000
-18900.000000 5250.000000 -8120.000000
-7280.000000 -8820.000000 7560.000000
2170.000000 -30870.000000 36890.000000
24780.000000 -98560.000000 137480.000000
33950.000000 -139090.000000 214270.000000
62300.000000 -159950.000000 269360.000000
76370.000000 -198520.000000 393120.000000
120680.000000 -190190.000000 382550.000000
53410.000000 -172970.000000 424830.000000
35280.000000 -160860.000000 449820.000000
-490.000000 -92960.000000 419440.000000
-32900.000000 -37030.000000 381640.000000
-34510.000000 -27090.000000 261660.000000
-24220.000000 -66640.000000 76650.000000
-19880.000000 5110.000000 55860.000000
4830.000000 -980.000000 19740.000000
32690.000000 -2030.000000 8750.000000
18060.000000 20790.000000 6440.000000
17640.000000 21630.000000 3640.000000
14770.000000 -3150.000000 -49630.000000
-42560.000000 -67970.000000 -350420.000000
-108080.000000 -77210.000000 -609560.000000
-135730.000000 28350.000000 -653800.000000
-2520.000000 103670.000000 -585620.000000
38010.000000 75320.000000 -626990.000000
70490.000000 56980.000000 -546420.000000
32340.000000 40040.000000 -489650.000000
53200.000000 37380.000000 -416990.000000
24150.000000 40600.000000 -307650.000000
51100.000000 45430.000000 -247520.000000
36190.000000 41720.000000 -133630.000000
15190.000000 47110.000000 -108080.000000
-29400.000000 51520.000000 13370.000000
-152180.000000 53830.000000 260260.000000
-198520.000000 -33950.000000 476350.000000
-177660.000000 -23100.000000 513240.000000
-155820.000000 -30450.000000 552510.000000
-80920.000000 -81270.000000 551950.000000
-21420.000000 -49630.000000 540960.000000
-8610.000000 -15050.000000 522760.000000
-79450.000000 350.000000 460250.000000
-97720.000000 28490.000000 399770.000000
-48090.000000 40110.000000 275730.000000
-27790.000000 6860.000000 155680.000000
-16450.000000 -1820.000000 115990.000000
-19950.000000 -29120.000000 29400.000000
1190.000000 -15960.000000 -770.000000
18130.000000 -8820.000000 -20650.000000
1890.000000 1260.000000 -7210.000000
-11270.000000 3080.000000 -12390.000000
-15330.000000 3010.000000 -11690.000000
-5600.000000 -840.000000 3850.000000
-910.000000 -2730.000000 -1260.000000
8540.000000 -3290.000000 -2450.000000
9590.000000 -5180.000000 560.000000
140.000000 -2170.000000 -490.000000
4970.000000 -3080.000000 1610.000000
7910.000000 -6230.000000 -1050.000000
1470.000000 -1330.000000 2030.000000
-3780.000000 -2660.000000 -1190.000000
2100.000000 -3080.000000 2870.000000
910.000000 -1960.000000 -700.000000
2940.000000 -1050.000000 -1120.000000
3220.000000 1330.000000 7210.000000
4270.000000 -3500.000000 4480.000000
3360.000000 -2730.000000 -2170.000000
2100.000000 -3150.000000 -2940.000000
1400.000000 -2800.000000 2240.000000
210.000000 -2800.000000 -1120.000000
2870.000000 -2660.000000 1820.000000
210.000000 -3220.000000 -1960.000000
2310.000000 -4900.000000 -4830.000000
1400.000000 -2100.000000 2100.000000
1050.000000 -3850.000000 -1330.000000
2800.000000 -4550.000000 -2310.000000
2240.000000 420.000000 4270.000000
2940.000000 350.000000 -1400.000000
2030.000000 -3010.000000 -700.000000
980.000000 -1540.000000 2240.000000
1820.000000 -2240.000000 -1750.000000
-420.000000 -3220.000000 -2170.000000
-560.000000 -840.000000 1820.000000
2380.000000 -1400.000000 2870.000000
1330.000000 -3150.000000 -4130.000000
1470.000000 -2450.000000 -210.000000
2030.000000 -3780.000000 1120.000000
560.000000 -2310.000000 -140.000000
3220.000000 -2590.000000 -1680.000000
2310.000000 -3080.000000 -210.000000
1470.000000 -3150.000000 1400.000000
3920.000000 -2660.000000 -910.000000
840.000000 -3850.000000 -1330.000000
-1750.000000 -2310.000000 1820.000000
1820.000000 -3150.000000 -350.000000
630.000000 -2240.000000 1680.000000
